# time	flux
# # inc=90.00, dt=1.0, N=484
6.00000000e+02	4.41285364e-01
6.01000000e+02	4.36027835e-01
6.02000000e+02	4.34292758e-01
6.03000000e+02	4.29878068e-01
6.04000000e+02	4.28427165e-01
6.05000000e+02	4.32238356e-01
6.06000000e+02	4.29698749e-01
6.07000000e+02	4.34870882e-01
6.08000000e+02	4.43677604e-01
6.09000000e+02	4.43551389e-01
6.10000000e+02	4.43534097e-01
6.11000000e+02	4.32803778e-01
6.12000000e+02	4.29489345e-01
6.13000000e+02	4.33958237e-01
6.14000000e+02	4.31382247e-01
6.15000000e+02	4.28971866e-01
6.16000000e+02	4.34707870e-01
6.17000000e+02	4.33768073e-01
6.18000000e+02	4.24462643e-01
6.19000000e+02	4.26303512e-01
6.20000000e+02	4.23927186e-01
6.21000000e+02	4.34629646e-01
6.22000000e+02	4.37277476e-01
6.23000000e+02	4.28091308e-01
6.24000000e+02	4.26682368e-01
6.25000000e+02	4.28429471e-01
6.26000000e+02	4.33465743e-01
6.27000000e+02	4.36850664e-01
6.28000000e+02	4.35549834e-01
6.29000000e+02	4.33826286e-01
6.30000000e+02	4.31255968e-01
6.31000000e+02	4.19287410e-01
6.32000000e+02	4.21341384e-01
6.33000000e+02	4.21141218e-01
6.34000000e+02	4.24346245e-01
6.35000000e+02	4.28606328e-01
6.36000000e+02	4.31105901e-01
6.37000000e+02	4.35977050e-01
6.38000000e+02	4.37713967e-01
6.39000000e+02	4.40115177e-01
6.40000000e+02	4.37463116e-01
6.41000000e+02	4.33312324e-01
6.42000000e+02	4.34160882e-01
6.43000000e+02	4.32063892e-01
6.44000000e+02	4.32940551e-01
6.45000000e+02	4.24087207e-01
6.46000000e+02	4.22307544e-01
6.47000000e+02	4.29979875e-01
6.48000000e+02	4.42983761e-01
6.49000000e+02	4.42929467e-01
6.50000000e+02	4.49523267e-01
6.51000000e+02	4.45074285e-01
6.52000000e+02	4.41058957e-01
6.53000000e+02	4.50826636e-01
6.54000000e+02	4.51255467e-01
6.55000000e+02	4.56102288e-01
6.56000000e+02	4.54903304e-01
6.57000000e+02	4.53857457e-01
6.58000000e+02	4.58501697e-01
6.59000000e+02	4.55822072e-01
6.60000000e+02	4.52337353e-01
6.61000000e+02	4.58841451e-01
6.62000000e+02	4.61618572e-01
6.63000000e+02	4.58642347e-01
6.64000000e+02	4.63599505e-01
6.65000000e+02	4.64196664e-01
6.66000000e+02	4.65574102e-01
6.67000000e+02	4.77334784e-01
6.68000000e+02	4.82225147e-01
6.69000000e+02	4.76475311e-01
6.70000000e+02	4.76903160e-01
6.71000000e+02	4.69092867e-01
6.72000000e+02	4.67359149e-01
6.73000000e+02	4.77346290e-01
6.74000000e+02	4.74819980e-01
6.75000000e+02	4.72257614e-01
6.76000000e+02	4.78700355e-01
6.77000000e+02	4.77704513e-01
6.78000000e+02	4.74461148e-01
6.79000000e+02	4.75638893e-01
6.80000000e+02	4.78302394e-01
6.81000000e+02	4.76912483e-01
6.82000000e+02	4.72519838e-01
6.83000000e+02	4.67771756e-01
6.84000000e+02	4.64975330e-01
6.85000000e+02	4.65104076e-01
6.86000000e+02	4.68908632e-01
6.87000000e+02	4.69268712e-01
6.88000000e+02	4.70077293e-01
6.89000000e+02	4.74081192e-01
6.90000000e+02	4.85172082e-01
6.91000000e+02	4.92141380e-01
6.92000000e+02	4.88256558e-01
6.93000000e+02	4.79224011e-01
6.94000000e+02	4.74710996e-01
6.95000000e+02	4.72715752e-01
6.96000000e+02	4.76423485e-01
6.97000000e+02	4.74595469e-01
6.98000000e+02	4.80272074e-01
6.99000000e+02	4.86836212e-01
7.00000000e+02	4.92507480e-01
7.01000000e+02	4.98643223e-01
7.02000000e+02	4.95286706e-01
7.03000000e+02	4.88337691e-01
7.04000000e+02	4.87633754e-01
7.05000000e+02	4.94259629e-01
7.06000000e+02	4.97503598e-01
7.07000000e+02	5.01123732e-01
7.08000000e+02	4.95928685e-01
7.09000000e+02	4.95749163e-01
7.10000000e+02	4.96319206e-01
7.11000000e+02	4.99568036e-01
7.12000000e+02	4.95579516e-01
7.13000000e+02	5.09416867e-01
7.14000000e+02	5.05823390e-01
7.15000000e+02	4.96982385e-01
7.16000000e+02	4.86823098e-01
7.17000000e+02	4.92001013e-01
7.18000000e+02	5.03787062e-01
7.19000000e+02	5.19178139e-01
7.20000000e+02	5.15424213e-01
7.21000000e+02	5.05824572e-01
7.22000000e+02	5.00150749e-01
7.23000000e+02	4.97559673e-01
7.24000000e+02	4.99184003e-01
7.25000000e+02	5.08643160e-01
7.26000000e+02	5.01430406e-01
7.27000000e+02	4.99494374e-01
7.28000000e+02	4.97806828e-01
7.29000000e+02	5.02433705e-01
7.30000000e+02	5.05867166e-01
7.31000000e+02	5.15742422e-01
7.32000000e+02	5.10036336e-01
7.33000000e+02	5.07890809e-01
7.34000000e+02	5.06143559e-01
7.35000000e+02	5.01574983e-01
7.36000000e+02	5.02093291e-01
7.37000000e+02	5.08438342e-01
7.38000000e+02	5.02482470e-01
7.39000000e+02	4.90689109e-01
7.40000000e+02	4.85929925e-01
7.41000000e+02	4.84047900e-01
7.42000000e+02	4.86532383e-01
7.43000000e+02	4.95166373e-01
7.44000000e+02	5.05745371e-01
7.45000000e+02	5.17114420e-01
7.46000000e+02	5.12060115e-01
7.47000000e+02	5.04726512e-01
7.48000000e+02	5.06241059e-01
7.49000000e+02	5.15799265e-01
7.50000000e+02	5.15225246e-01
7.51000000e+02	5.02528124e-01
7.52000000e+02	4.96355394e-01
7.53000000e+02	4.96054330e-01
7.54000000e+02	4.99734074e-01
7.55000000e+02	4.98362065e-01
7.56000000e+02	4.96408114e-01
7.57000000e+02	5.03270507e-01
7.58000000e+02	5.10953605e-01
7.59000000e+02	5.09774874e-01
7.60000000e+02	5.16449781e-01
7.61000000e+02	5.23421558e-01
7.62000000e+02	5.25759704e-01
7.63000000e+02	5.27381360e-01
7.64000000e+02	5.24901194e-01
7.65000000e+02	5.23216843e-01
7.66000000e+02	5.26839647e-01
7.67000000e+02	5.27004382e-01
7.68000000e+02	5.21573769e-01
7.69000000e+02	5.21240583e-01
7.70000000e+02	5.18881914e-01
7.71000000e+02	5.19087225e-01
7.72000000e+02	5.20622064e-01
7.73000000e+02	5.25352469e-01
7.74000000e+02	5.20689830e-01
7.75000000e+02	5.23960548e-01
7.76000000e+02	5.13946124e-01
7.77000000e+02	5.17359337e-01
7.78000000e+02	5.18872862e-01
7.79000000e+02	5.24759501e-01
7.80000000e+02	5.32305018e-01
7.81000000e+02	5.28684127e-01
7.82000000e+02	5.22595382e-01
7.83000000e+02	5.20622037e-01
7.84000000e+02	5.19158945e-01
7.85000000e+02	5.14464366e-01
7.86000000e+02	5.14514259e-01
7.87000000e+02	5.18030715e-01
7.88000000e+02	5.23125168e-01
7.89000000e+02	5.24913652e-01
7.90000000e+02	5.21609470e-01
7.91000000e+02	5.17977206e-01
7.92000000e+02	5.20213856e-01
7.93000000e+02	5.21157906e-01
7.94000000e+02	5.22243448e-01
7.95000000e+02	5.18592918e-01
7.96000000e+02	5.18808595e-01
7.97000000e+02	5.15993313e-01
7.98000000e+02	5.14539153e-01
7.99000000e+02	5.11239212e-01
8.00000000e+02	5.12955521e-01
8.01000000e+02	5.16015935e-01
8.02000000e+02	5.14014929e-01
8.03000000e+02	5.16398980e-01
8.04000000e+02	5.18539475e-01
8.05000000e+02	5.20317946e-01
8.06000000e+02	5.22195567e-01
8.07000000e+02	5.24948862e-01
8.08000000e+02	5.25142475e-01
8.09000000e+02	5.23517455e-01
8.10000000e+02	5.21300315e-01
8.11000000e+02	5.16485676e-01
8.12000000e+02	5.12567597e-01
8.13000000e+02	5.09952513e-01
8.14000000e+02	5.10557790e-01
8.15000000e+02	5.08878487e-01
8.16000000e+02	5.12203216e-01
8.17000000e+02	5.17808125e-01
8.18000000e+02	5.19709955e-01
8.19000000e+02	5.20081467e-01
8.20000000e+02	5.20452688e-01
8.21000000e+02	5.23593758e-01
8.22000000e+02	5.25616070e-01
8.23000000e+02	5.27790661e-01
8.24000000e+02	5.30300051e-01
8.25000000e+02	5.24962790e-01
8.26000000e+02	5.22362484e-01
8.27000000e+02	5.20832436e-01
8.28000000e+02	5.21070175e-01
8.29000000e+02	5.24019537e-01
8.30000000e+02	5.26445669e-01
8.31000000e+02	5.26755626e-01
8.32000000e+02	5.27573158e-01
8.33000000e+02	5.33076936e-01
8.34000000e+02	5.33409521e-01
8.35000000e+02	5.35672719e-01
8.36000000e+02	5.33268671e-01
8.37000000e+02	5.32586294e-01
8.38000000e+02	5.28313653e-01
8.39000000e+02	5.28138534e-01
8.40000000e+02	5.25591172e-01
8.41000000e+02	5.22421257e-01
8.42000000e+02	5.30111855e-01
8.43000000e+02	5.35803652e-01
8.44000000e+02	5.35364519e-01
8.45000000e+02	5.37338987e-01
8.46000000e+02	5.37321230e-01
8.47000000e+02	5.35041510e-01
8.48000000e+02	5.33917480e-01
8.49000000e+02	5.40076386e-01
8.50000000e+02	5.42115921e-01
8.51000000e+02	5.37486913e-01
8.52000000e+02	5.30840012e-01
8.53000000e+02	5.27443874e-01
8.54000000e+02	5.24245776e-01
8.55000000e+02	5.28651755e-01
8.56000000e+02	5.32207441e-01
8.57000000e+02	5.39725362e-01
8.58000000e+02	5.40510456e-01
8.59000000e+02	5.37573640e-01
8.60000000e+02	5.32114795e-01
8.61000000e+02	5.29544287e-01
8.62000000e+02	5.37472865e-01
8.63000000e+02	5.37395223e-01
8.64000000e+02	5.43758144e-01
8.65000000e+02	5.42040105e-01
8.66000000e+02	5.41281251e-01
8.67000000e+02	5.34242907e-01
8.68000000e+02	5.31024743e-01
8.69000000e+02	5.28505462e-01
8.70000000e+02	5.33135941e-01
8.71000000e+02	5.44381801e-01
8.72000000e+02	5.51621972e-01
8.73000000e+02	5.49330151e-01
8.74000000e+02	5.43611672e-01
8.75000000e+02	5.38036431e-01
8.76000000e+02	5.40303791e-01
8.77000000e+02	5.44104314e-01
8.78000000e+02	5.46983650e-01
8.79000000e+02	5.45490813e-01
8.80000000e+02	5.47649733e-01
8.81000000e+02	5.44620442e-01
8.82000000e+02	5.41695154e-01
8.83000000e+02	5.35710168e-01
8.84000000e+02	5.40675798e-01
8.85000000e+02	5.50039905e-01
8.86000000e+02	5.57038359e-01
8.87000000e+02	5.52500451e-01
8.88000000e+02	5.43692456e-01
8.89000000e+02	5.37392098e-01
8.90000000e+02	5.36959824e-01
8.91000000e+02	5.44068105e-01
8.92000000e+02	5.49633398e-01
8.93000000e+02	5.43261228e-01
8.94000000e+02	5.40953739e-01
8.95000000e+02	5.42573514e-01
8.96000000e+02	5.38461126e-01
8.97000000e+02	5.32496894e-01
8.98000000e+02	5.37385083e-01
8.99000000e+02	5.47648822e-01
9.00000000e+02	5.53201371e-01
9.01000000e+02	5.56567081e-01
9.02000000e+02	5.50032680e-01
9.03000000e+02	5.43771263e-01
9.04000000e+02	5.39531536e-01
9.05000000e+02	5.31332230e-01
9.06000000e+02	5.38447616e-01
9.07000000e+02	5.44034405e-01
9.08000000e+02	5.46452953e-01
9.09000000e+02	5.42267100e-01
9.10000000e+02	5.36855427e-01
9.11000000e+02	5.30238977e-01
9.12000000e+02	5.32603182e-01
9.13000000e+02	5.38359147e-01
9.14000000e+02	5.45808612e-01
9.15000000e+02	5.48595405e-01
9.16000000e+02	5.41753575e-01
9.17000000e+02	5.38470567e-01
9.18000000e+02	5.33940152e-01
9.19000000e+02	5.33523841e-01
9.20000000e+02	5.40328217e-01
9.21000000e+02	5.52210124e-01
9.22000000e+02	5.52125302e-01
9.23000000e+02	5.44837322e-01
9.24000000e+02	5.38747278e-01
9.25000000e+02	5.33023059e-01
9.26000000e+02	5.32763688e-01
9.27000000e+02	5.33327548e-01
9.28000000e+02	5.36776160e-01
9.29000000e+02	5.43309236e-01
9.30000000e+02	5.42730011e-01
9.31000000e+02	5.39448808e-01
9.32000000e+02	5.34890720e-01
9.33000000e+02	5.43577279e-01
9.34000000e+02	5.43467004e-01
9.35000000e+02	5.43997947e-01
9.36000000e+02	5.46908232e-01
9.37000000e+02	5.45782336e-01
9.38000000e+02	5.42497135e-01
9.39000000e+02	5.41572810e-01
9.40000000e+02	5.37611780e-01
9.41000000e+02	5.32532052e-01
9.42000000e+02	5.40647626e-01
9.43000000e+02	5.47342908e-01
9.44000000e+02	5.42812736e-01
9.45000000e+02	5.37285245e-01
9.46000000e+02	5.33374758e-01
9.47000000e+02	5.32184014e-01
9.48000000e+02	5.32700517e-01
9.49000000e+02	5.36694627e-01
9.50000000e+02	5.42153446e-01
9.51000000e+02	5.44553403e-01
9.52000000e+02	5.43345151e-01
9.53000000e+02	5.40024711e-01
9.54000000e+02	5.34904887e-01
9.55000000e+02	5.31598029e-01
9.56000000e+02	5.27890910e-01
9.57000000e+02	5.28865485e-01
9.58000000e+02	5.36461663e-01
9.59000000e+02	5.39757815e-01
9.60000000e+02	5.35164792e-01
9.61000000e+02	5.30686345e-01
9.62000000e+02	5.26027497e-01
9.63000000e+02	5.25230008e-01
9.64000000e+02	5.26130609e-01
9.65000000e+02	5.29697813e-01
9.66000000e+02	5.32290796e-01
9.67000000e+02	5.33430076e-01
9.68000000e+02	5.32522326e-01
9.69000000e+02	5.25819186e-01
9.70000000e+02	5.23711620e-01
9.71000000e+02	5.29096323e-01
9.72000000e+02	5.33494403e-01
9.73000000e+02	5.36590199e-01
9.74000000e+02	5.36403907e-01
9.75000000e+02	5.35917799e-01
9.76000000e+02	5.39986160e-01
9.77000000e+02	5.33113207e-01
9.78000000e+02	5.32517667e-01
9.79000000e+02	5.37080854e-01
9.80000000e+02	5.40901488e-01
9.81000000e+02	5.38650849e-01
9.82000000e+02	5.34209626e-01
9.83000000e+02	5.30497145e-01
9.84000000e+02	5.29509378e-01
9.85000000e+02	5.29825102e-01
9.86000000e+02	5.32354037e-01
9.87000000e+02	5.37455761e-01
9.88000000e+02	5.39485654e-01
9.89000000e+02	5.38998525e-01
9.90000000e+02	5.38382813e-01
9.91000000e+02	5.40265512e-01
9.92000000e+02	5.40537138e-01
9.93000000e+02	5.43035520e-01
9.94000000e+02	5.42676489e-01
9.95000000e+02	5.43800593e-01
9.96000000e+02	5.44963127e-01
9.97000000e+02	5.40832147e-01
9.98000000e+02	5.38677655e-01
9.99000000e+02	5.37942373e-01
1.00000000e+03	5.40974685e-01
1.00100000e+03	5.46234386e-01
1.00200000e+03	5.43216803e-01
1.00300000e+03	5.44131203e-01
1.00400000e+03	5.47480965e-01
1.00500000e+03	5.47279132e-01
1.00600000e+03	5.45527434e-01
1.00700000e+03	5.40649728e-01
1.00800000e+03	5.33683338e-01
1.00900000e+03	5.35986565e-01
1.01000000e+03	5.44750395e-01
1.01100000e+03	5.45203607e-01
1.01200000e+03	5.41077632e-01
1.01300000e+03	5.34101750e-01
1.01400000e+03	5.31014614e-01
1.01500000e+03	5.37753335e-01
1.01600000e+03	5.44808005e-01
1.01700000e+03	5.48063075e-01
1.01800000e+03	5.50396305e-01
1.01900000e+03	5.51934744e-01
1.02000000e+03	5.48818071e-01
1.02100000e+03	5.47711490e-01
1.02200000e+03	5.45074818e-01
1.02300000e+03	5.41790407e-01
1.02400000e+03	5.42436280e-01
1.02500000e+03	5.44465378e-01
1.02600000e+03	5.45208468e-01
1.02700000e+03	5.43685213e-01
1.02800000e+03	5.39328593e-01
1.02900000e+03	5.35131479e-01
1.03000000e+03	5.31078932e-01
1.03100000e+03	5.40605868e-01
1.03200000e+03	5.50110764e-01
1.03300000e+03	5.55062329e-01
1.03400000e+03	5.50509752e-01
1.03500000e+03	5.47596668e-01
1.03600000e+03	5.44838295e-01
1.03700000e+03	5.44451335e-01
1.03800000e+03	5.44884030e-01
1.03900000e+03	5.48451182e-01
1.04000000e+03	5.49156998e-01
1.04100000e+03	5.50594617e-01
1.04200000e+03	5.49994334e-01
1.04300000e+03	5.42781919e-01
1.04400000e+03	5.31080740e-01
1.04500000e+03	5.29034931e-01
1.04600000e+03	5.34556710e-01
1.04700000e+03	5.38099427e-01
1.04800000e+03	5.46809169e-01
1.04900000e+03	5.56453410e-01
1.05000000e+03	5.52340826e-01
1.05100000e+03	5.45659577e-01
1.05200000e+03	5.39924843e-01
1.05300000e+03	5.39843804e-01
1.05400000e+03	5.43855844e-01
1.05500000e+03	5.50278525e-01
1.05600000e+03	5.53755967e-01
1.05700000e+03	5.56713610e-01
1.05800000e+03	5.46541096e-01
1.05900000e+03	5.34233220e-01
1.06000000e+03	5.25044289e-01
1.06100000e+03	5.23103804e-01
1.06200000e+03	5.29397814e-01
1.06300000e+03	5.38911708e-01
1.06400000e+03	5.49224430e-01
1.06500000e+03	5.50795587e-01
1.06600000e+03	5.45903695e-01
1.06700000e+03	5.40324798e-01
1.06800000e+03	5.37082820e-01
1.06900000e+03	5.39048785e-01
1.07000000e+03	5.42268072e-01
1.07100000e+03	5.49766566e-01
1.07200000e+03	5.52601089e-01
1.07300000e+03	5.53398568e-01
1.07400000e+03	5.50130589e-01
1.07500000e+03	5.44461581e-01
1.07600000e+03	5.38569549e-01
1.07700000e+03	5.32127348e-01
1.07800000e+03	5.36423525e-01
1.07900000e+03	5.51136262e-01
1.08000000e+03	5.59002119e-01
1.08100000e+03	5.61144612e-01
1.08200000e+03	5.57553467e-01
1.08300000e+03	5.56618342e-01
